use super::Kernel;

pub struct Ring;

impl Kernel<64> for Ring {
    const CELLS: [[f64; 64]; 64] = [
        [
            3.48114108, 3.42717991, 3.37410957, 3.32197275, 3.2708141, 3.22068022, 3.17161971,
            3.12368315, 3.07692308, 3.03139392, 2.98715198, 2.94425526, 2.90276343, 2.86273755,
            2.82423996, 2.78733399, 2.75208366, 2.71855339, 2.68680757, 2.65691016, 2.62892423,
            2.60291143, 2.57893148, 2.55704156, 2.53729577, 2.51974452, 2.50443394, 2.49140534,
            2.48069469, 2.4723321, 2.46634147, 2.46274009, 2.46153846, 2.46274009, 2.46634147,
            2.4723321, 2.48069469, 2.49140534, 2.50443394, 2.51974452, 2.53729577, 2.55704156,
            2.57893148, 2.60291143, 2.62892423, 2.65691016, 2.68680757, 2.71855339, 2.75208366,
            2.78733399, 2.82423996, 2.86273755, 2.90276343, 2.94425526, 2.98715198, 3.03139392,
            3.07692308, 3.12368315, 3.17161971, 3.22068022, 3.2708141, 3.32197275, 3.37410957,
            3.42717991,
        ],
        [
            3.42717991, 3.37235542, 3.3184084, 3.26538235, 3.21332286, 3.16227766, 3.11229667,
            3.06343196, 3.01573781, 2.96927063, 2.92408889, 2.88025311, 2.83782565, 2.79687061,
            2.75745359, 2.71964147, 2.68350208, 2.6491039, 2.61651559, 2.58580559, 2.55704156,
            2.53028988, 2.505615, 2.48307883, 2.46274009, 2.44465363, 2.42886975, 2.41543361,
            2.40438456, 2.39575562, 2.38957301, 2.38585576, 2.38461538, 2.38585576, 2.38957301,
            2.39575562, 2.40438456, 2.41543361, 2.42886975, 2.44465363, 2.46274009, 2.48307883,
            2.505615, 2.53028988, 2.55704156, 2.58580559, 2.61651559, 2.6491039, 2.68350208,
            2.71964147, 2.75745359, 2.79687061, 2.83782565, 2.88025311, 2.92408889, 2.96927063,
            3.01573781, 3.06343196, 3.11229667, 3.16227766, 3.21332286, 3.26538235, 3.3184084,
            3.37235542,
        ],
        [
            3.37410957, 3.3184084, 3.26356976, 3.20963785, 3.15665916, 3.10468247, 3.05375896,
            3.00394218, 2.95528811, 2.9078551, 2.86170388, 2.81689745, 2.77350098, 2.73158168,
            2.69120857, 2.65245225, 2.61538462, 2.58007844, 2.54660698, 2.5150435, 2.48546068,
            2.45793005, 2.43252128, 2.4093015, 2.38833457, 2.36968028, 2.35339362, 2.33952405,
            2.32811476, 2.31920207, 2.31281483, 2.308974, 2.30769231, 2.308974, 2.31281483,
            2.31920207, 2.32811476, 2.33952405, 2.35339362, 2.36968028, 2.38833457, 2.4093015,
            2.43252128, 2.45793005, 2.48546068, 2.5150435, 2.54660698, 2.58007844, 2.61538462,
            2.65245225, 2.69120857, 2.73158168, 2.77350098, 2.81689745, 2.86170388, 2.9078551,
            2.95528811, 3.00394218, 3.05375896, 3.10468247, 3.15665916, 3.20963785, 3.26356976,
            3.3184084,
        ],
        [
            3.32197275, 3.26538235, 3.20963785, 3.1547841, 3.10086836, 3.04794042, 2.99605263,
            2.94525996, 2.89562003, 2.84719316, 2.80004227, 2.75423289, 2.70983307, 2.6669132,
            2.62554587, 2.58580559, 2.54776849, 2.51151196, 2.47711418, 2.44465363, 2.41420843,
            2.38585576, 2.35967102, 2.33572715, 2.31409369, 2.29483598, 2.27801429, 2.26368292,
            2.25188941, 2.24267381, 2.23606798, 2.2320951, 2.23076923, 2.2320951, 2.23606798,
            2.24267381, 2.25188941, 2.26368292, 2.27801429, 2.29483598, 2.31409369, 2.33572715,
            2.35967102, 2.38585576, 2.41420843, 2.44465363, 2.47711418, 2.51151196, 2.54776849,
            2.58580559, 2.62554587, 2.6669132, 2.70983307, 2.75423289, 2.80004227, 2.84719316,
            2.89562003, 2.94525996, 2.99605263, 3.04794042, 3.10086836, 3.1547841, 3.20963785,
            3.26538235,
        ],
        [
            3.2708141, 3.21332286, 3.15665916, 3.10086836, 3.04599844, 2.99210005, 2.93922664,
            2.88743452, 2.83678291, 2.78733399, 2.73915289, 2.69230769, 2.64686931, 2.60291143,
            2.5605103, 2.51974452, 2.48069469, 2.4434431, 2.40807321, 2.37466908, 2.3433148,
            2.31409369, 2.2870875, 2.26237556, 2.24003381, 2.2201338, 2.2027417, 2.18791733,
            2.17571317, 2.16617351, 2.15933367, 2.15521934, 2.15384615, 2.15521934, 2.15933367,
            2.16617351, 2.17571317, 2.18791733, 2.2027417, 2.2201338, 2.24003381, 2.26237556,
            2.2870875, 2.31409369, 2.3433148, 2.37466908, 2.40807321, 2.4434431, 2.48069469,
            2.51974452, 2.5605103, 2.60291143, 2.64686931, 2.69230769, 2.73915289, 2.78733399,
            2.83678291, 2.88743452, 2.93922664, 2.99210005, 3.04599844, 3.10086836, 3.15665916,
            3.21332286,
        ],
        [
            3.22068022, 3.16227766, 3.10468247, 3.04794042, 2.99210005, 2.93721278, 2.88333305,
            2.83051838, 2.77882952, 2.72833044, 2.67908843, 2.63117406, 2.58466117, 2.53962677,
            2.49615088, 2.45431633, 2.41420843, 2.37591465, 2.33952405, 2.30512678, 2.27281334,
            2.24267381, 2.21479693, 2.18926915, 2.16617351, 2.14558857, 2.12758718, 2.11223542,
            2.09959139, 2.08970426, 2.08261329, 2.07834709, 2.07692308, 2.07834709, 2.08261329,
            2.08970426, 2.09959139, 2.11223542, 2.12758718, 2.14558857, 2.16617351, 2.18926915,
            2.21479693, 2.24267381, 2.27281334, 2.30512678, 2.33952405, 2.37591465, 2.41420843,
            2.45431633, 2.49615088, 2.53962677, 2.58466117, 2.63117406, 2.67908843, 2.72833044,
            2.77882952, 2.83051838, 2.88333305, 2.93721278, 2.99210005, 3.04794042, 3.10468247,
            3.16227766,
        ],
        [
            3.17161971, 3.11229667, 3.05375896, 2.99605263, 2.93922664, 2.88333305, 2.82842712,
            2.77456751, 2.72181631, 2.67023922, 2.61990559, 2.57088846, 2.52326453, 2.47711418,
            2.43252128, 2.38957301, 2.34835962, 2.308974, 2.27151124, 2.23606798, 2.2027417,
            2.17162988, 2.14282897, 2.11643331, 2.09253392, 2.07121723, 2.0525637, 2.03664651,
            2.02353022, 2.01326959, 2.00590843, 2.00147874, 2., 2.00147874, 2.00590843, 2.01326959,
            2.02353022, 2.03664651, 2.0525637, 2.07121723, 2.09253392, 2.11643331, 2.14282897,
            2.17162988, 2.2027417, 2.23606798, 2.27151124, 2.308974, 2.34835962, 2.38957301,
            2.43252128, 2.47711418, 2.52326453, 2.57088846, 2.61990559, 2.67023922, 2.72181631,
            2.77456751, 2.82842712, 2.88333305, 2.93922664, 2.99605263, 3.05375896, 3.11229667,
        ],
        [
            3.12368315, 3.06343196, 3.00394218, 2.94525996, 2.88743452, 2.83051838, 2.77456751,
            2.71964147, 2.66580361, 2.61312119, 2.56166551, 2.51151196, 2.46274009, 2.41543361,
            2.36968028, 2.32557176, 2.2832034, 2.24267381, 2.20408443, 2.16753889, 2.13314225,
            2.10100004, 2.07121723, 2.04389696, 2.01913919, 1.99703923, 1.97768617, 1.96116135,
            1.94753675, 1.93687359, 1.92922095, 1.92461477, 1.92307692, 1.92461477, 1.92922095,
            1.93687359, 1.94753675, 1.96116135, 1.97768617, 1.99703923, 2.01913919, 2.04389696,
            2.07121723, 2.10100004, 2.13314225, 2.16753889, 2.20408443, 2.24267381, 2.2832034,
            2.32557176, 2.36968028, 2.41543361, 2.46274009, 2.51151196, 2.56166551, 2.61312119,
            2.66580361, 2.71964147, 2.77456751, 2.83051838, 2.88743452, 2.94525996, 3.00394218,
            3.06343196,
        ],
        [
            3.07692308, 3.01573781, 2.95528811, 2.89562003, 2.83678291, 2.77882952, 2.72181631,
            2.66580361, 2.61085581, 2.55704156, 2.50443394, 2.45311057, 2.40315375, 2.35465044,
            2.30769231, 2.26237556, 2.21880078, 2.17707257, 2.13729908, 2.09959139, 2.06406275,
            2.0308275, 2., 1.97169317, 1.94601702, 1.92307692, 1.90297183, 1.88579241, 1.87161924,
            1.86052102, 1.85255301, 1.84775572, 1.84615385, 1.84775572, 1.85255301, 1.86052102,
            1.87161924, 1.88579241, 1.90297183, 1.92307692, 1.94601702, 1.97169317, 2., 2.0308275,
            2.06406275, 2.09959139, 2.13729908, 2.17707257, 2.21880078, 2.26237556, 2.30769231,
            2.35465044, 2.40315375, 2.45311057, 2.50443394, 2.55704156, 2.61085581, 2.66580361,
            2.72181631, 2.77882952, 2.83678291, 2.89562003, 2.95528811, 3.01573781,
        ],
        [
            3.03139392, 2.96927063, 2.9078551, 2.84719316, 2.78733399, 2.72833044, 2.67023922,
            2.61312119, 2.55704156, 2.50207015, 2.44828161, 2.39575562, 2.34457702, 2.29483598,
            2.24662798, 2.20005379, 2.15521934, 2.11223542, 2.07121723, 2.03228382, 1.9955572,
            1.96116135, 1.92922095, 1.89985985, 1.87319933, 1.8493562, 1.82844067, 1.8105542,
            1.79578731, 1.78421746, 1.77590714, 1.77090222, 1.76923077, 1.77090222, 1.77590714,
            1.78421746, 1.79578731, 1.8105542, 1.82844067, 1.8493562, 1.87319933, 1.89985985,
            1.92922095, 1.96116135, 1.9955572, 2.03228382, 2.07121723, 2.11223542, 2.15521934,
            2.20005379, 2.24662798, 2.29483598, 2.34457702, 2.39575562, 2.44828161, 2.50207015,
            2.55704156, 2.61312119, 2.67023922, 2.72833044, 2.78733399, 2.84719316, 2.9078551,
            2.96927063,
        ],
        [
            2.98715198, 2.92408889, 2.86170388, 2.80004227, 2.73915289, 2.67908843, 2.61990559,
            2.56166551, 2.50443394, 2.44828161, 2.39328449, 2.33952405, 2.2870875, 2.23606798,
            2.18656468, 2.13868289, 2.09253392, 2.04823492, 2.00590843, 1.9656819, 1.92768678,
            1.89205752, 1.85893015, 1.82844067, 1.80072306, 1.77590714, 1.75411604, 1.73546372,
            1.72005229, 1.70796949, 1.69928631, 1.69405504, 1.69230769, 1.69405504, 1.69928631,
            1.70796949, 1.72005229, 1.73546372, 1.75411604, 1.77590714, 1.80072306, 1.82844067,
            1.85893015, 1.89205752, 1.92768678, 1.9656819, 2.00590843, 2.04823492, 2.09253392,
            2.13868289, 2.18656468, 2.23606798, 2.2870875, 2.33952405, 2.39328449, 2.44828161,
            2.50443394, 2.56166551, 2.61990559, 2.67908843, 2.73915289, 2.80004227, 2.86170388,
            2.92408889,
        ],
        [
            2.94425526, 2.88025311, 2.81689745, 2.75423289, 2.69230769, 2.63117406, 2.57088846,
            2.51151196, 2.45311057, 2.39575562, 2.33952405, 2.28449883, 2.23076923, 2.17843112,
            2.12758718, 2.07834709, 2.0308275, 1.98515198, 1.94145069, 1.89985985, 1.86052102,
            1.82357994, 1.78918513, 1.7574861, 1.72863116, 1.70276489, 1.68002536, 1.66054101,
            1.64442756, 1.63178488, 1.62269409, 1.61721508, 1.61538462, 1.61721508, 1.62269409,
            1.63178488, 1.64442756, 1.66054101, 1.68002536, 1.70276489, 1.72863116, 1.7574861,
            1.78918513, 1.82357994, 1.86052102, 1.89985985, 1.94145069, 1.98515198, 2.0308275,
            2.07834709, 2.12758718, 2.17843112, 2.23076923, 2.28449883, 2.33952405, 2.39575562,
            2.45311057, 2.51151196, 2.57088846, 2.63117406, 2.69230769, 2.75423289, 2.81689745,
            2.88025311,
        ],
        [
            2.90276343, 2.83782565, 2.77350098, 2.70983307, 2.64686931, 2.58466117, 2.52326453,
            2.46274009, 2.40315375, 2.34457702, 2.2870875, 2.23076923, 2.17571317, 2.12201757,
            2.06978831, 2.01913919, 1.97019207, 1.92307692, 1.87793163, 1.83490161, 1.79413904,
            1.75580188, 1.72005229, 1.68705478, 1.65697379, 1.62997078, 1.606201, 1.58580986,
            1.56892908, 1.55567296, 1.54613471, 1.54038341, 1.53846154, 1.54038341, 1.54613471,
            1.55567296, 1.56892908, 1.58580986, 1.606201, 1.62997078, 1.65697379, 1.68705478,
            1.72005229, 1.75580188, 1.79413904, 1.83490161, 1.87793163, 1.92307692, 1.97019207,
            2.01913919, 2.06978831, 2.12201757, 2.17571317, 2.23076923, 2.2870875, 2.34457702,
            2.40315375, 2.46274009, 2.52326453, 2.58466117, 2.64686931, 2.70983307, 2.77350098,
            2.83782565,
        ],
        [
            2.86273755, 2.79687061, 2.73158168, 2.6669132, 2.60291143, 2.53962677, 2.47711418,
            2.41543361, 2.35465044, 2.29483598, 2.23606798, 2.17843112, 2.12201757, 2.06692751,
            2.01326959, 1.96116135, 1.91072959, 1.86211053, 1.8154498, 1.77090222, 1.72863116,
            1.68880757, 1.6516085, 1.61721508, 1.58580986, 1.55757359, 1.53268145, 1.51129867,
            1.49357599, 1.47964493, 1.46961332, 1.46356135, 1.46153846, 1.46356135, 1.46961332,
            1.47964493, 1.49357599, 1.51129867, 1.53268145, 1.55757359, 1.58580986, 1.61721508,
            1.6516085, 1.68880757, 1.72863116, 1.77090222, 1.8154498, 1.86211053, 1.91072959,
            1.96116135, 2.01326959, 2.06692751, 2.12201757, 2.17843112, 2.23606798, 2.29483598,
            2.35465044, 2.41543361, 2.47711418, 2.53962677, 2.60291143, 2.6669132, 2.73158168,
            2.79687061,
        ],
        [
            2.82423996, 2.75745359, 2.69120857, 2.62554587, 2.5605103, 2.49615088, 2.43252128,
            2.36968028, 2.30769231, 2.24662798, 2.18656468, 2.12758718, 2.06978831, 2.01326959,
            1.95814186, 1.90452591, 1.85255301, 1.80236531, 1.75411604, 1.70796949, 1.66410059,
            1.62269409, 1.5839431, 1.54804706, 1.51520889, 1.48563138, 1.45951277, 1.43704167,
            1.41839145, 1.40371443, 1.39313618, 1.38675049, 1.38461538, 1.38675049, 1.39313618,
            1.40371443, 1.41839145, 1.43704167, 1.45951277, 1.48563138, 1.51520889, 1.54804706,
            1.5839431, 1.62269409, 1.66410059, 1.70796949, 1.75411604, 1.80236531, 1.85255301,
            1.90452591, 1.95814186, 2.01326959, 2.06978831, 2.12758718, 2.18656468, 2.24662798,
            2.30769231, 2.36968028, 2.43252128, 2.49615088, 2.5605103, 2.62554587, 2.69120857,
            2.75745359,
        ],
        [
            2.78733399, 2.71964147, 2.65245225, 2.58580559, 2.51974452, 2.45431633, 2.38957301,
            2.32557176, 2.26237556, 2.20005379, 2.13868289, 2.07834709, 2.01913919, 1.96116135,
            1.90452591, 1.8493562, 1.79578731, 1.74396678, 1.69405504, 1.64622574, 1.60066554,
            1.55757359, 1.51716022, 1.47964493, 1.4452534, 1.41421356, 1.38675049, 1.3630804,
            1.34340378, 1.32789819, 1.31671098, 1.3099528, 1.30769231, 1.3099528, 1.31671098,
            1.32789819, 1.34340378, 1.3630804, 1.38675049, 1.41421356, 1.4452534, 1.47964493,
            1.51716022, 1.55757359, 1.60066554, 1.64622574, 1.69405504, 1.74396678, 1.79578731,
            1.8493562, 1.90452591, 1.96116135, 2.01913919, 2.07834709, 2.13868289, 2.20005379,
            2.26237556, 2.32557176, 2.38957301, 2.45431633, 2.51974452, 2.58580559, 2.65245225,
            2.71964147,
        ],
        [
            2.75208366, 2.68350208, 2.61538462, 2.54776849, 2.48069469, 2.41420843, 2.34835962,
            2.2832034, 2.21880078, 2.15521934, 2.09253392, 2.0308275, 1.97019207, 1.91072959,
            1.85255301, 1.79578731, 1.74057054, 1.68705478, 1.63540705, 1.58580986, 1.53846154,
            1.49357599, 1.45138171, 1.41211998, 1.37604183, 1.34340378, 1.31446211, 1.28946574,
            1.26864788, 1.25221697, 1.24034735, 1.23317073, 1.23076923, 1.23317073, 1.24034735,
            1.25221697, 1.26864788, 1.28946574, 1.31446211, 1.34340378, 1.37604183, 1.41211998,
            1.45138171, 1.49357599, 1.53846154, 1.58580986, 1.63540705, 1.68705478, 1.74057054,
            1.79578731, 1.85255301, 1.91072959, 1.97019207, 2.0308275, 2.09253392, 2.15521934,
            2.21880078, 2.2832034, 2.34835962, 2.41420843, 2.48069469, 2.54776849, 2.61538462,
            2.68350208,
        ],
        [
            2.71855339, 2.6491039, 2.58007844, 2.51151196, 2.4434431, 2.37591465, 2.308974,
            2.24267381, 2.17707257, 2.11223542, 2.04823492, 1.98515198, 1.92307692, 1.86211053,
            1.80236531, 1.74396678, 1.68705478, 1.63178488, 1.57832958, 1.52687948, 1.47764405,
            1.43085194, 1.38675049, 1.34560428, 1.30769231, 1.27330349, 1.24273034, 1.21626064,
            1.19416728, 1.17669681, 1.16405738, 1.15640741, 1.15384615, 1.15640741, 1.16405738,
            1.17669681, 1.19416728, 1.21626064, 1.24273034, 1.27330349, 1.30769231, 1.34560428,
            1.38675049, 1.43085194, 1.47764405, 1.52687948, 1.57832958, 1.63178488, 1.68705478,
            1.74396678, 1.80236531, 1.86211053, 1.92307692, 1.98515198, 2.04823492, 2.11223542,
            2.17707257, 2.24267381, 2.308974, 2.37591465, 2.4434431, 2.51151196, 2.58007844,
            2.6491039,
        ],
        [
            2.68680757, 2.61651559, 2.54660698, 2.47711418, 2.40807321, 2.33952405, 2.27151124,
            2.20408443, 2.13729908, 2.07121723, 2.00590843, 1.94145069, 1.87793163, 1.8154498,
            1.75411604, 1.69405504, 1.63540705, 1.57832958, 1.52299922, 1.46961332, 1.41839145,
            1.36957645, 1.32343466, 1.28025515, 1.24034735, 1.2040366, 1.1716574, 1.14354375,
            1.12001691, 1.10137085, 1.08785659, 1.07966683, 1.07692308, 1.07966683, 1.08785659,
            1.10137085, 1.12001691, 1.14354375, 1.1716574, 1.2040366, 1.24034735, 1.28025515,
            1.32343466, 1.36957645, 1.41839145, 1.46961332, 1.52299922, 1.57832958, 1.63540705,
            1.69405504, 1.75411604, 1.8154498, 1.87793163, 1.94145069, 2.00590843, 2.07121723,
            2.13729908, 2.20408443, 2.27151124, 2.33952405, 2.40807321, 2.47711418, 2.54660698,
            2.61651559,
        ],
        [
            2.65691016, 2.58580559, 2.5150435, 2.44465363, 2.37466908, 2.30512678, 2.23606798,
            2.16753889, 2.09959139, 2.03228382, 1.9656819, 1.89985985, 1.83490161, 1.77090222,
            1.70796949, 1.64622574, 1.58580986, 1.52687948, 1.46961332, 1.41421356, 1.36090815,
            1.3099528, 1.26163227, 1.21626064, 1.17417981, 1.13575562, 1.10137085, 1.07141448,
            1.04626696, 1.02628185, 1.01176511, 1.00295422, 1., 1.00295422, 1.01176511, 1.02628185,
            1.04626696, 1.07141448, 1.10137085, 1.13575562, 1.17417981, 1.21626064, 1.26163227,
            1.3099528, 1.36090815, 1.41421356, 1.46961332, 1.52687948, 1.58580986, 1.64622574,
            1.70796949, 1.77090222, 1.83490161, 1.89985985, 1.9656819, 2.03228382, 2.09959139,
            2.16753889, 2.23606798, 2.30512678, 2.37466908, 2.44465363, 2.5150435, 2.58580559,
        ],
        [
            2.62892423, 2.55704156, 2.48546068, 2.41420843, 2.3433148, 2.27281334, 2.2027417,
            2.13314225, 2.06406275, 1.9955572, 1.92768678, 1.86052102, 1.79413904, 1.72863116,
            1.66410059, 1.60066554, 1.53846154, 1.47764405, 1.41839145, 1.36090815, 1.3054279,
            1.25221697, 1.20157687, 1.15384615, 1.10940039, 1.06864954, 1.03203137, 1., 0.97300851,
            0.95148591, 0.93580962, 0.92627651, 0.92307692, 0.92627651, 0.93580962, 0.95148591,
            0.97300851, 1., 1.03203137, 1.06864954, 1.10940039, 1.15384615, 1.20157687, 1.25221697,
            1.3054279, 1.36090815, 1.41839145, 1.47764405, 1.53846154, 1.60066554, 1.66410059,
            1.72863116, 1.79413904, 1.86052102, 1.92768678, 1.9955572, 2.06406275, 2.13314225,
            2.2027417, 2.27281334, 2.3433148, 2.41420843, 2.48546068, 2.55704156,
        ],
        [
            2.60291143, 2.53028988, 2.45793005, 2.38585576, 2.31409369, 2.24267381, 2.17162988,
            2.10100004, 2.0308275, 1.96116135, 1.89205752, 1.82357994, 1.75580188, 1.68880757,
            1.62269409, 1.55757359, 1.49357599, 1.43085194, 1.36957645, 1.3099528, 1.25221697,
            1.19664225, 1.14354375, 1.09328234, 1.04626696, 1.00295422, 0.96384339, 0.92946507,
            0.90036153, 0.87705802, 0.86002615, 0.84964316, 0.84615385, 0.84964316, 0.86002615,
            0.87705802, 0.90036153, 0.92946507, 0.96384339, 1.00295422, 1.04626696, 1.09328234,
            1.14354375, 1.19664225, 1.25221697, 1.3099528, 1.36957645, 1.43085194, 1.49357599,
            1.55757359, 1.62269409, 1.68880757, 1.75580188, 1.82357994, 1.89205752, 1.96116135,
            2.0308275, 2.10100004, 2.17162988, 2.24267381, 2.31409369, 2.38585576, 2.45793005,
            2.53028988,
        ],
        [
            2.57893148, 2.505615, 2.43252128, 2.35967102, 2.2870875, 2.21479693, 2.14282897,
            2.07121723, 2., 1.92922095, 1.85893015, 1.78918513, 1.72005229, 1.6516085, 1.5839431,
            1.51716022, 1.45138171, 1.38675049, 1.32343466, 1.26163227, 1.20157687, 1.14354375,
            1.08785659, 1.03489416, 0.98509604, 0.93896582, 0.89706952, 0.86002615, 0.82848689,
            0.8031005, 0.78446454, 0.77306736, 0.76923077, 0.77306736, 0.78446454, 0.8031005,
            0.82848689, 0.86002615, 0.89706952, 0.93896582, 0.98509604, 1.03489416, 1.08785659,
            1.14354375, 1.20157687, 1.26163227, 1.32343466, 1.38675049, 1.45138171, 1.51716022,
            1.5839431, 1.6516085, 1.72005229, 1.78918513, 1.85893015, 1.92922095, 2., 2.07121723,
            2.14282897, 2.21479693, 2.2870875, 2.35967102, 2.43252128, 2.505615,
        ],
        [
            2.55704156, 2.48307883, 2.4093015, 2.33572715, 2.26237556, 2.18926915, 2.11643331,
            2.04389696, 1.97169317, 1.89985985, 1.82844067, 1.7574861, 1.68705478, 1.61721508,
            1.54804706, 1.47964493, 1.41211998, 1.34560428, 1.28025515, 1.21626064, 1.15384615,
            1.09328234, 1.03489416, 0.97907093, 0.92627651, 0.87705802, 0.83205029, 0.79197155,
            0.75760445, 0.72975638, 0.70919573, 0.69656809, 0.69230769, 0.69656809, 0.70919573,
            0.72975638, 0.75760445, 0.79197155, 0.83205029, 0.87705802, 0.92627651, 0.97907093,
            1.03489416, 1.09328234, 1.15384615, 1.21626064, 1.28025515, 1.34560428, 1.41211998,
            1.47964493, 1.54804706, 1.61721508, 1.68705478, 1.7574861, 1.82844067, 1.89985985,
            1.97169317, 2.04389696, 2.11643331, 2.18926915, 2.26237556, 2.33572715, 2.4093015,
            2.48307883,
        ],
        [
            2.53729577, 2.46274009, 2.38833457, 2.31409369, 2.24003381, 2.16617351, 2.09253392,
            2.01913919, 1.94601702, 1.87319933, 1.80072306, 1.72863116, 1.65697379, 1.58580986,
            1.51520889, 1.4452534, 1.37604183, 1.30769231, 1.24034735, 1.17417981, 1.10940039,
            1.04626696, 0.98509604, 0.92627651, 0.87028527, 0.81770352, 0.76923077, 0.72569086,
            0.68802092, 0.65723106, 0.63432394, 0.62017367, 0.61538462, 0.62017367, 0.63432394,
            0.65723106, 0.68802092, 0.72569086, 0.76923077, 0.81770352, 0.87028527, 0.92627651,
            0.98509604, 1.04626696, 1.10940039, 1.17417981, 1.24034735, 1.30769231, 1.37604183,
            1.4452534, 1.51520889, 1.58580986, 1.65697379, 1.72863116, 1.80072306, 1.87319933,
            1.94601702, 2.01913919, 2.09253392, 2.16617351, 2.24003381, 2.31409369, 2.38833457,
            2.46274009,
        ],
        [
            2.51974452, 2.44465363, 2.36968028, 2.29483598, 2.2201338, 2.14558857, 2.07121723,
            1.99703923, 1.92307692, 1.8493562, 1.77590714, 1.70276489, 1.62997078, 1.55757359,
            1.48563138, 1.41421356, 1.34340378, 1.27330349, 1.2040366, 1.13575562, 1.06864954,
            1.00295422, 0.93896582, 0.87705802, 0.81770352, 0.76149961, 0.70919573, 0.66171733,
            0.62017367, 0.5858287, 0.56000845, 0.54392829, 0.53846154, 0.54392829, 0.56000845,
            0.5858287, 0.62017367, 0.66171733, 0.70919573, 0.76149961, 0.81770352, 0.87705802,
            0.93896582, 1.00295422, 1.06864954, 1.13575562, 1.2040366, 1.27330349, 1.34340378,
            1.41421356, 1.48563138, 1.55757359, 1.62997078, 1.70276489, 1.77590714, 1.8493562,
            1.92307692, 1.99703923, 2.07121723, 2.14558857, 2.2201338, 2.29483598, 2.36968028,
            2.44465363,
        ],
        [
            2.50443394, 2.42886975, 2.35339362, 2.27801429, 2.2027417, 2.12758718, 2.0525637,
            1.97768617, 1.90297183, 1.82844067, 1.75411604, 1.68002536, 1.606201, 1.53268145,
            1.45951277, 1.38675049, 1.31446211, 1.24273034, 1.1716574, 1.10137085, 1.03203137,
            0.96384339, 0.89706952, 0.83205029, 0.76923077, 0.70919573, 0.65271395, 0.60078844,
            0.5547002, 0.51601569, 0.48650426, 0.46790481, 0.46153846, 0.46790481, 0.48650426,
            0.51601569, 0.5547002, 0.60078844, 0.65271395, 0.70919573, 0.76923077, 0.83205029,
            0.89706952, 0.96384339, 1.03203137, 1.10137085, 1.1716574, 1.24273034, 1.31446211,
            1.38675049, 1.45951277, 1.53268145, 1.606201, 1.68002536, 1.75411604, 1.82844067,
            1.90297183, 1.97768617, 2.0525637, 2.12758718, 2.2027417, 2.27801429, 2.35339362,
            2.42886975,
        ],
        [
            2.49140534, 2.41543361, 2.33952405, 2.26368292, 2.18791733, 2.11223542, 2.03664651,
            1.96116135, 1.88579241, 1.8105542, 1.73546372, 1.66054101, 1.58580986, 1.51129867,
            1.43704167, 1.3630804, 1.28946574, 1.21626064, 1.14354375, 1.07141448, 1., 0.92946507,
            0.86002615, 0.79197155, 0.72569086, 0.66171733, 0.60078844, 0.54392829, 0.49254802,
            0.44853476, 0.41424345, 0.39223227, 0.38461538, 0.39223227, 0.41424345, 0.44853476,
            0.49254802, 0.54392829, 0.60078844, 0.66171733, 0.72569086, 0.79197155, 0.86002615,
            0.92946507, 1., 1.07141448, 1.14354375, 1.21626064, 1.28946574, 1.3630804, 1.43704167,
            1.51129867, 1.58580986, 1.66054101, 1.73546372, 1.8105542, 1.88579241, 1.96116135,
            2.03664651, 2.11223542, 2.18791733, 2.26368292, 2.33952405, 2.41543361,
        ],
        [
            2.48069469, 2.40438456, 2.32811476, 2.25188941, 2.17571317, 2.09959139, 2.02353022,
            1.94753675, 1.87161924, 1.79578731, 1.72005229, 1.64442756, 1.56892908, 1.49357599,
            1.41839145, 1.34340378, 1.26864788, 1.19416728, 1.12001691, 1.04626696, 0.97300851,
            0.90036153, 0.82848689, 0.75760445, 0.68802092, 0.62017367, 0.5547002, 0.49254802,
            0.43514263, 0.38461538, 0.34401046, 0.31716197, 0.30769231, 0.31716197, 0.34401046,
            0.38461538, 0.43514263, 0.49254802, 0.5547002, 0.62017367, 0.68802092, 0.75760445,
            0.82848689, 0.90036153, 0.97300851, 1.04626696, 1.12001691, 1.19416728, 1.26864788,
            1.34340378, 1.41839145, 1.49357599, 1.56892908, 1.64442756, 1.72005229, 1.79578731,
            1.87161924, 1.94753675, 2.02353022, 2.09959139, 2.17571317, 2.25188941, 2.32811476,
            2.40438456,
        ],
        [
            2.4723321, 2.39575562, 2.31920207, 2.24267381, 2.16617351, 2.08970426, 2.01326959,
            1.93687359, 1.86052102, 1.78421746, 1.70796949, 1.63178488, 1.55567296, 1.47964493,
            1.40371443, 1.32789819, 1.25221697, 1.17669681, 1.10137085, 1.02628185, 0.95148591,
            0.87705802, 0.8031005, 0.72975638, 0.65723106, 0.5858287, 0.51601569, 0.44853476,
            0.38461538, 0.32635698, 0.2773501, 0.24325213, 0.23076923, 0.24325213, 0.2773501,
            0.32635698, 0.38461538, 0.44853476, 0.51601569, 0.5858287, 0.65723106, 0.72975638,
            0.8031005, 0.87705802, 0.95148591, 1.02628185, 1.10137085, 1.17669681, 1.25221697,
            1.32789819, 1.40371443, 1.47964493, 1.55567296, 1.63178488, 1.70796949, 1.78421746,
            1.86052102, 1.93687359, 2.01326959, 2.08970426, 2.16617351, 2.24267381, 2.31920207,
            2.39575562,
        ],
        [
            2.46634147, 2.38957301, 2.31281483, 2.23606798, 2.15933367, 2.08261329, 2.00590843,
            1.92922095, 1.85255301, 1.77590714, 1.69928631, 1.62269409, 1.54613471, 1.46961332,
            1.39313618, 1.31671098, 1.24034735, 1.16405738, 1.08785659, 1.01176511, 0.93580962,
            0.86002615, 0.78446454, 0.70919573, 0.63432394, 0.56000845, 0.48650426, 0.41424345,
            0.34401046, 0.2773501, 0.21757132, 0.17200523, 0.15384615, 0.17200523, 0.21757132,
            0.2773501, 0.34401046, 0.41424345, 0.48650426, 0.56000845, 0.63432394, 0.70919573,
            0.78446454, 0.86002615, 0.93580962, 1.01176511, 1.08785659, 1.16405738, 1.24034735,
            1.31671098, 1.39313618, 1.46961332, 1.54613471, 1.62269409, 1.69928631, 1.77590714,
            1.85255301, 1.92922095, 2.00590843, 2.08261329, 2.15933367, 2.23606798, 2.31281483,
            2.38957301,
        ],
        [
            2.46274009, 2.38585576, 2.308974, 2.2320951, 2.15521934, 2.07834709, 2.00147874,
            1.92461477, 1.84775572, 1.77090222, 1.69405504, 1.61721508, 1.54038341, 1.46356135,
            1.38675049, 1.3099528, 1.23317073, 1.15640741, 1.07966683, 1.00295422, 0.92627651,
            0.84964316, 0.77306736, 0.69656809, 0.62017367, 0.54392829, 0.46790481, 0.39223227,
            0.31716197, 0.24325213, 0.17200523, 0.10878566, 0.07692308, 0.10878566, 0.17200523,
            0.24325213, 0.31716197, 0.39223227, 0.46790481, 0.54392829, 0.62017367, 0.69656809,
            0.77306736, 0.84964316, 0.92627651, 1.00295422, 1.07966683, 1.15640741, 1.23317073,
            1.3099528, 1.38675049, 1.46356135, 1.54038341, 1.61721508, 1.69405504, 1.77090222,
            1.84775572, 1.92461477, 2.00147874, 2.07834709, 2.15521934, 2.2320951, 2.308974,
            2.38585576,
        ],
        [
            2.46153846, 2.38461538, 2.30769231, 2.23076923, 2.15384615, 2.07692308, 2., 1.92307692,
            1.84615385, 1.76923077, 1.69230769, 1.61538462, 1.53846154, 1.46153846, 1.38461538,
            1.30769231, 1.23076923, 1.15384615, 1.07692308, 1., 0.92307692, 0.84615385, 0.76923077,
            0.69230769, 0.61538462, 0.53846154, 0.46153846, 0.38461538, 0.30769231, 0.23076923,
            0.15384615, 0.07692308, 0., 0.07692308, 0.15384615, 0.23076923, 0.30769231, 0.38461538,
            0.46153846, 0.53846154, 0.61538462, 0.69230769, 0.76923077, 0.84615385, 0.92307692, 1.,
            1.07692308, 1.15384615, 1.23076923, 1.30769231, 1.38461538, 1.46153846, 1.53846154,
            1.61538462, 1.69230769, 1.76923077, 1.84615385, 1.92307692, 2., 2.07692308, 2.15384615,
            2.23076923, 2.30769231, 2.38461538,
        ],
        [
            2.46274009, 2.38585576, 2.308974, 2.2320951, 2.15521934, 2.07834709, 2.00147874,
            1.92461477, 1.84775572, 1.77090222, 1.69405504, 1.61721508, 1.54038341, 1.46356135,
            1.38675049, 1.3099528, 1.23317073, 1.15640741, 1.07966683, 1.00295422, 0.92627651,
            0.84964316, 0.77306736, 0.69656809, 0.62017367, 0.54392829, 0.46790481, 0.39223227,
            0.31716197, 0.24325213, 0.17200523, 0.10878566, 0.07692308, 0.10878566, 0.17200523,
            0.24325213, 0.31716197, 0.39223227, 0.46790481, 0.54392829, 0.62017367, 0.69656809,
            0.77306736, 0.84964316, 0.92627651, 1.00295422, 1.07966683, 1.15640741, 1.23317073,
            1.3099528, 1.38675049, 1.46356135, 1.54038341, 1.61721508, 1.69405504, 1.77090222,
            1.84775572, 1.92461477, 2.00147874, 2.07834709, 2.15521934, 2.2320951, 2.308974,
            2.38585576,
        ],
        [
            2.46634147, 2.38957301, 2.31281483, 2.23606798, 2.15933367, 2.08261329, 2.00590843,
            1.92922095, 1.85255301, 1.77590714, 1.69928631, 1.62269409, 1.54613471, 1.46961332,
            1.39313618, 1.31671098, 1.24034735, 1.16405738, 1.08785659, 1.01176511, 0.93580962,
            0.86002615, 0.78446454, 0.70919573, 0.63432394, 0.56000845, 0.48650426, 0.41424345,
            0.34401046, 0.2773501, 0.21757132, 0.17200523, 0.15384615, 0.17200523, 0.21757132,
            0.2773501, 0.34401046, 0.41424345, 0.48650426, 0.56000845, 0.63432394, 0.70919573,
            0.78446454, 0.86002615, 0.93580962, 1.01176511, 1.08785659, 1.16405738, 1.24034735,
            1.31671098, 1.39313618, 1.46961332, 1.54613471, 1.62269409, 1.69928631, 1.77590714,
            1.85255301, 1.92922095, 2.00590843, 2.08261329, 2.15933367, 2.23606798, 2.31281483,
            2.38957301,
        ],
        [
            2.4723321, 2.39575562, 2.31920207, 2.24267381, 2.16617351, 2.08970426, 2.01326959,
            1.93687359, 1.86052102, 1.78421746, 1.70796949, 1.63178488, 1.55567296, 1.47964493,
            1.40371443, 1.32789819, 1.25221697, 1.17669681, 1.10137085, 1.02628185, 0.95148591,
            0.87705802, 0.8031005, 0.72975638, 0.65723106, 0.5858287, 0.51601569, 0.44853476,
            0.38461538, 0.32635698, 0.2773501, 0.24325213, 0.23076923, 0.24325213, 0.2773501,
            0.32635698, 0.38461538, 0.44853476, 0.51601569, 0.5858287, 0.65723106, 0.72975638,
            0.8031005, 0.87705802, 0.95148591, 1.02628185, 1.10137085, 1.17669681, 1.25221697,
            1.32789819, 1.40371443, 1.47964493, 1.55567296, 1.63178488, 1.70796949, 1.78421746,
            1.86052102, 1.93687359, 2.01326959, 2.08970426, 2.16617351, 2.24267381, 2.31920207,
            2.39575562,
        ],
        [
            2.48069469, 2.40438456, 2.32811476, 2.25188941, 2.17571317, 2.09959139, 2.02353022,
            1.94753675, 1.87161924, 1.79578731, 1.72005229, 1.64442756, 1.56892908, 1.49357599,
            1.41839145, 1.34340378, 1.26864788, 1.19416728, 1.12001691, 1.04626696, 0.97300851,
            0.90036153, 0.82848689, 0.75760445, 0.68802092, 0.62017367, 0.5547002, 0.49254802,
            0.43514263, 0.38461538, 0.34401046, 0.31716197, 0.30769231, 0.31716197, 0.34401046,
            0.38461538, 0.43514263, 0.49254802, 0.5547002, 0.62017367, 0.68802092, 0.75760445,
            0.82848689, 0.90036153, 0.97300851, 1.04626696, 1.12001691, 1.19416728, 1.26864788,
            1.34340378, 1.41839145, 1.49357599, 1.56892908, 1.64442756, 1.72005229, 1.79578731,
            1.87161924, 1.94753675, 2.02353022, 2.09959139, 2.17571317, 2.25188941, 2.32811476,
            2.40438456,
        ],
        [
            2.49140534, 2.41543361, 2.33952405, 2.26368292, 2.18791733, 2.11223542, 2.03664651,
            1.96116135, 1.88579241, 1.8105542, 1.73546372, 1.66054101, 1.58580986, 1.51129867,
            1.43704167, 1.3630804, 1.28946574, 1.21626064, 1.14354375, 1.07141448, 1., 0.92946507,
            0.86002615, 0.79197155, 0.72569086, 0.66171733, 0.60078844, 0.54392829, 0.49254802,
            0.44853476, 0.41424345, 0.39223227, 0.38461538, 0.39223227, 0.41424345, 0.44853476,
            0.49254802, 0.54392829, 0.60078844, 0.66171733, 0.72569086, 0.79197155, 0.86002615,
            0.92946507, 1., 1.07141448, 1.14354375, 1.21626064, 1.28946574, 1.3630804, 1.43704167,
            1.51129867, 1.58580986, 1.66054101, 1.73546372, 1.8105542, 1.88579241, 1.96116135,
            2.03664651, 2.11223542, 2.18791733, 2.26368292, 2.33952405, 2.41543361,
        ],
        [
            2.50443394, 2.42886975, 2.35339362, 2.27801429, 2.2027417, 2.12758718, 2.0525637,
            1.97768617, 1.90297183, 1.82844067, 1.75411604, 1.68002536, 1.606201, 1.53268145,
            1.45951277, 1.38675049, 1.31446211, 1.24273034, 1.1716574, 1.10137085, 1.03203137,
            0.96384339, 0.89706952, 0.83205029, 0.76923077, 0.70919573, 0.65271395, 0.60078844,
            0.5547002, 0.51601569, 0.48650426, 0.46790481, 0.46153846, 0.46790481, 0.48650426,
            0.51601569, 0.5547002, 0.60078844, 0.65271395, 0.70919573, 0.76923077, 0.83205029,
            0.89706952, 0.96384339, 1.03203137, 1.10137085, 1.1716574, 1.24273034, 1.31446211,
            1.38675049, 1.45951277, 1.53268145, 1.606201, 1.68002536, 1.75411604, 1.82844067,
            1.90297183, 1.97768617, 2.0525637, 2.12758718, 2.2027417, 2.27801429, 2.35339362,
            2.42886975,
        ],
        [
            2.51974452, 2.44465363, 2.36968028, 2.29483598, 2.2201338, 2.14558857, 2.07121723,
            1.99703923, 1.92307692, 1.8493562, 1.77590714, 1.70276489, 1.62997078, 1.55757359,
            1.48563138, 1.41421356, 1.34340378, 1.27330349, 1.2040366, 1.13575562, 1.06864954,
            1.00295422, 0.93896582, 0.87705802, 0.81770352, 0.76149961, 0.70919573, 0.66171733,
            0.62017367, 0.5858287, 0.56000845, 0.54392829, 0.53846154, 0.54392829, 0.56000845,
            0.5858287, 0.62017367, 0.66171733, 0.70919573, 0.76149961, 0.81770352, 0.87705802,
            0.93896582, 1.00295422, 1.06864954, 1.13575562, 1.2040366, 1.27330349, 1.34340378,
            1.41421356, 1.48563138, 1.55757359, 1.62997078, 1.70276489, 1.77590714, 1.8493562,
            1.92307692, 1.99703923, 2.07121723, 2.14558857, 2.2201338, 2.29483598, 2.36968028,
            2.44465363,
        ],
        [
            2.53729577, 2.46274009, 2.38833457, 2.31409369, 2.24003381, 2.16617351, 2.09253392,
            2.01913919, 1.94601702, 1.87319933, 1.80072306, 1.72863116, 1.65697379, 1.58580986,
            1.51520889, 1.4452534, 1.37604183, 1.30769231, 1.24034735, 1.17417981, 1.10940039,
            1.04626696, 0.98509604, 0.92627651, 0.87028527, 0.81770352, 0.76923077, 0.72569086,
            0.68802092, 0.65723106, 0.63432394, 0.62017367, 0.61538462, 0.62017367, 0.63432394,
            0.65723106, 0.68802092, 0.72569086, 0.76923077, 0.81770352, 0.87028527, 0.92627651,
            0.98509604, 1.04626696, 1.10940039, 1.17417981, 1.24034735, 1.30769231, 1.37604183,
            1.4452534, 1.51520889, 1.58580986, 1.65697379, 1.72863116, 1.80072306, 1.87319933,
            1.94601702, 2.01913919, 2.09253392, 2.16617351, 2.24003381, 2.31409369, 2.38833457,
            2.46274009,
        ],
        [
            2.55704156, 2.48307883, 2.4093015, 2.33572715, 2.26237556, 2.18926915, 2.11643331,
            2.04389696, 1.97169317, 1.89985985, 1.82844067, 1.7574861, 1.68705478, 1.61721508,
            1.54804706, 1.47964493, 1.41211998, 1.34560428, 1.28025515, 1.21626064, 1.15384615,
            1.09328234, 1.03489416, 0.97907093, 0.92627651, 0.87705802, 0.83205029, 0.79197155,
            0.75760445, 0.72975638, 0.70919573, 0.69656809, 0.69230769, 0.69656809, 0.70919573,
            0.72975638, 0.75760445, 0.79197155, 0.83205029, 0.87705802, 0.92627651, 0.97907093,
            1.03489416, 1.09328234, 1.15384615, 1.21626064, 1.28025515, 1.34560428, 1.41211998,
            1.47964493, 1.54804706, 1.61721508, 1.68705478, 1.7574861, 1.82844067, 1.89985985,
            1.97169317, 2.04389696, 2.11643331, 2.18926915, 2.26237556, 2.33572715, 2.4093015,
            2.48307883,
        ],
        [
            2.57893148, 2.505615, 2.43252128, 2.35967102, 2.2870875, 2.21479693, 2.14282897,
            2.07121723, 2., 1.92922095, 1.85893015, 1.78918513, 1.72005229, 1.6516085, 1.5839431,
            1.51716022, 1.45138171, 1.38675049, 1.32343466, 1.26163227, 1.20157687, 1.14354375,
            1.08785659, 1.03489416, 0.98509604, 0.93896582, 0.89706952, 0.86002615, 0.82848689,
            0.8031005, 0.78446454, 0.77306736, 0.76923077, 0.77306736, 0.78446454, 0.8031005,
            0.82848689, 0.86002615, 0.89706952, 0.93896582, 0.98509604, 1.03489416, 1.08785659,
            1.14354375, 1.20157687, 1.26163227, 1.32343466, 1.38675049, 1.45138171, 1.51716022,
            1.5839431, 1.6516085, 1.72005229, 1.78918513, 1.85893015, 1.92922095, 2., 2.07121723,
            2.14282897, 2.21479693, 2.2870875, 2.35967102, 2.43252128, 2.505615,
        ],
        [
            2.60291143, 2.53028988, 2.45793005, 2.38585576, 2.31409369, 2.24267381, 2.17162988,
            2.10100004, 2.0308275, 1.96116135, 1.89205752, 1.82357994, 1.75580188, 1.68880757,
            1.62269409, 1.55757359, 1.49357599, 1.43085194, 1.36957645, 1.3099528, 1.25221697,
            1.19664225, 1.14354375, 1.09328234, 1.04626696, 1.00295422, 0.96384339, 0.92946507,
            0.90036153, 0.87705802, 0.86002615, 0.84964316, 0.84615385, 0.84964316, 0.86002615,
            0.87705802, 0.90036153, 0.92946507, 0.96384339, 1.00295422, 1.04626696, 1.09328234,
            1.14354375, 1.19664225, 1.25221697, 1.3099528, 1.36957645, 1.43085194, 1.49357599,
            1.55757359, 1.62269409, 1.68880757, 1.75580188, 1.82357994, 1.89205752, 1.96116135,
            2.0308275, 2.10100004, 2.17162988, 2.24267381, 2.31409369, 2.38585576, 2.45793005,
            2.53028988,
        ],
        [
            2.62892423, 2.55704156, 2.48546068, 2.41420843, 2.3433148, 2.27281334, 2.2027417,
            2.13314225, 2.06406275, 1.9955572, 1.92768678, 1.86052102, 1.79413904, 1.72863116,
            1.66410059, 1.60066554, 1.53846154, 1.47764405, 1.41839145, 1.36090815, 1.3054279,
            1.25221697, 1.20157687, 1.15384615, 1.10940039, 1.06864954, 1.03203137, 1., 0.97300851,
